4 1 0.41728852031250013 0.725 0.4172885203125 0.725 0.5541918421875001 1 0.5541918421875002
4 1 0.9327794562499999 0.9099999999999999 0.9327794562499999 0.9099999999999999 1 1 1
0 0.848755 0.022651057812500076 0.35250499999999996 0.022651057812500045 0.35250499999999996 0.250188821875 0.848755 0.2501888218750001
4 0.46875 0.0037688828125000537 0.41624999999999995 0.003768882812500051 0.41624999999999995 0.05003776406250006 0.46875 0.050037764062500066
0 0.4512550000000001 0.19070997031250006 0.247505 0.19070997031250006 0.24750500000000003 0.744909365625 0.4512550000000002 0.744909365625
4 0.36000000000000004 0.28605740156250004 0.225 0.28605740156250004 0.22500000000000003 0.428625378125 0.3600000000000001 0.428625378125
4 0.3575000000000001 0.4635574015625 0.2143800000000001 0.4635574015625 0.2143800000000001 0.562696375 0.3575000000000001 0.562696375
0 0.20438000000000006 0.3304380671875 0.005000000000000041 0.3304380671875 0.005000000000000057 0.606117825 0.2043800000000001 0.606117825
4 0.17500500000000008 0.39842145 0.12625500000000006 0.39842145 0.12625500000000006 0.5589199390624999 0.1750050000000001 0.5589199390624999
4 0.931875 0.6608836859375 0.673745 0.6608836859375 0.673745 0.7685120843750001 0.931875 0.7685120843750002
0 1 0.6212311171875002 0.9312549999999999 0.6212311171875002 0.9312549999999999 0.8723640484375 1 0.8723640484375