0 0.3547794125 0.20179738593750002 0.217524509375 0.20179738593750002 0.21752450937500006 0.43382352968750004 0.35477941250000006 0.43382352968750004
2 0.7665441171875 0.2516339875000001 0.63664215625 0.2516339875000001 0.63664215625 0.4517973859375001 0.7665441171875 0.4517973859375002
2 0.6893382359375 0.3447712421875001 0.490196078125 0.3447712421875001 0.490196078125 0.5302287578125 0.6893382359375 0.5302287578125
2 1 0.48447712343750016 0.7904411765625 0.48447712343750016 0.7904411765625001 0.8194444437499999 1 0.8194444437499999
2 0.7959558828125 0.44607843125000013 0.67892156875 0.44607843125 0.67892156875 0.6233660125000001 0.7959558828125 0.6233660125000002
2 0.964460784375 0.008986928125000107 0.7732843140625 0.008986928125000095 0.7732843140625 0.33251634062500013 0.964460784375 0.33251634062500013
2 0.762867646875 0.013888889062500086 0.6299019609375 0.01388888906250008 0.6299019609375 0.2508169937500001 0.762867646875 0.2508169937500001
2 0.6317401953124999 0.13235294062500008 0.4166666671875 0.13235294062500005 0.4166666671875 0.22140522812500008 0.6317401953124999 0.22140522812500008
2 0.4767156859375 0.17728758125000005 0.34742647031249996 0.17728758125000005 0.3474264703125 0.36928104531250006 0.4767156859375 0.36928104531250006
2 1 0.2524509796875001 0.967524509375 0.2524509796875001 0.967524509375 0.4820261437500002 1 0.4820261437500002
2 0.9185049015625 0.3284313718750001 0.7806372546875 0.3284313718750001 0.7806372546875 0.4330065359375002 0.9185049015625 0.4330065359375002