0 0.391993 0.1322 0.243333 0.207058
0 0.15642 0.254008 0.12281 0.161064
0 0.490038 0.472704 0.584161 0.533074
4 0.566528 0.521796 0.158302 0.117396
4 0.509277 0.412458 0.187084 0.0657994
1 0.490998 0.328245 0.16194 0.0734444
1 0.263323 0.461632 0.114883 0.500141
2 0.546388 0.0480258 0.565501 0.0935537
2 0.432127 0.0495043 0.322678 0.0990085
3 0.228975 0.106906 0.134885 0.182064
2 0.602571 0.0508797 0.794859 0.101042
2 0.41857 0.0733542 0.199717 0.0510303
2 0.583671 0.00958518 0.158446 0.0191704
0 0.601291 0.062259 0.792803 0.122423
3 0.969777 0.835466 0.0592651 0.221387
